83 INDEX.

6, 11-,51 mai, 534, mente
ceterisqumibmssba.

(1514165666 15 6 176416
536

θὶϋωιίροίίο,386

Gtcnao :-ad Herenn.,8 5, 63 α,
61166161.,305,446575,ᾰε
θναι.,15,361664645,5165
6566666763651686
56969651610610611
6136136136656146145,
15651615 5, quater, 166 ter,
16 5, 516 136 19 6 30 ι, 516
316316336346766516
36 5, quater, 37 a, bis, 37 b, 51)),
39 6516 396516 306516 30
5, 33 ster, 835, 516 34634
635 651635 5, 86 6 366
33 6 516 38 5, 406516 416
41643643644651644
645 645 5, 46 646 651),
47 5, ter, 48 6 48 5, 49 6
ter, 50 6 516 51 5, 53 6 516
53 6 qnater, 53654 6 55 6
55 5, 56 a, 565, 57656536
5965966016 61663663
a, 63 5, 516 64 5, 66 a, 636
516 69 6 69 5, 71 651), 736
73673674 6516746516
75 6 75 5, 76 6, Βηιέ.,36
667696106106116516
13 a, 13 6 516 136 141), 156
1516166165, 176196306
bis, 31 5, 33 6 33 634 6 34 5,
36655,366516375,33639
6516836516 83633 635
637633 641 6436441),
455, ter, 46 6 46 5, 47 6 43 5,
50 651), 54 651), 55 6566
576516536636656666
706716736786146765,
776, 0156366696116
Μ6Ν6Ὴ6Μ6Μ6Ὴ
6516386806 35651666
6375, 33641 6516435,
66666666666

“ 6666736765, deOpt.
Gen„ 73 1), pro Quint. 30 5,
876605, 6666516566,
1636567613618631

633655636633683634
63564965166066361
6567061567661οηρνο

Base. 0., 60 5, 6661605456,
106376396335,44653
6636, in Vm.‚1a‚2n,2b‚
516866546451656 ¹
56516369610651610
651), 13 613 6 14615 6
156166136516136196
301), 33 6 33 638 mutter,
356516366366516376
56386516 38639631 6
516 316336336346345,
3563665636 6516 376
516 696516 405, 41 5, 516 43
6516436516446446 45
656456466516466476
4865648651), 496496

’506516516536536516

5365654656546 556
56658659660663663
6516 63664665 6 665,
ter, 676 636 696715, 736
516736 735, 746745, 516
75675 5, 516 766766776
77 5, pro L. 11561636 15 a,
15613633630648 663
676 α, pro eluant„ 466 53 6
61 b, 685, dommum, 30 6,
pro 1155, Ρ. 11, 66 46 6 556
73 6, in 651, 5 5, 66113 6 33 5,
ἥ6ῶ6Μ6Μ6η6ω
6496 556566576 59 5,
706 736,ρνοΜιιν.,36 106
ῶ6π6Ἡ6Μ6θ6Ω
6Μ6Μ6Μ6Μ6ὥ6
685, 63 5, pro Sulla, 13 6 14
637 6 84 6 3564961114)
Amabat), 16 618 633
6356436586546 636
096786ρνο176166639
6061), 115111116111346485
(17ο11 631, 53 ι, pro Domo
sua,21b,28b,51b; de Ha·
nup. 1116), 106 16644643
501511. 313), 53 5, pro Suet,
46767610613 6166
176135, 196335, 31640
644 6456436481), 516

 

