44 , 44444.

11611664413 4, 13 6614,
Ι 146164161),614,134,136

19 6614, 106, 116, 614, 11 s,
11 6, ter, 13 b, 614, 14616 4
614, 26 6, 26 4, 26 6, 17 6, qna·
ter, 19 6, 30 4, 306614, 316,
34 4, 35 6, 36 4, 614, 36 6, bis,
37 4, 37 6614, 38 4614, 38 6,
ter, 40 uter, 40 6, 41 4614, 41
6614, 43 443 6614, 44 4614,
45 4614, 46 6144 464 46 6,
47 6, tur, 486, 61663 4, 64 4,
646, 66 4, 55 6, 56 4, quater,
67 461453 6, 69 4, quater, 59
6, 606614, 61 4, tur, 616, 62 4,
626, 63 4, 63 6, 64664465 4,
66 6, 614, 66 4, ter, 66 614467
4, ter, 676614, 68 6, 614, 69 4,
sexies, 69 6, quater, 70 4, sexies,
70 6, 644 714, 714, 716614,
73 4, ter. 73 6, quinquies, 74 4,
614, 74 6, 76 4, quinquies, 75 6,
76 u, 76 b, 7763 Parad.,5b, 9
411413 6176, 166314,
34 4 3744444644 386, 40446
6, 49 4, 51 6, 646, 674614, 63
666Μ4Μ6Ή6Π4
776ς4411ῳ.,44 614647
634 6449 6106614121),
13461414 4 15661416 6,
18 6, 194 614, 166, 244 241),
wqwqufflqaeqffi
461436 4374 61438440
4, 43 6614, 46 4, 43 6, 606, 61
4Μ6ῶ4ῶ6π6ω4

636, 696, 654, 674681), 69³

4 614, 70 4 quater, 71 4 71 4,
72 6614, 734, 744, 754, 75 61
4464426344 446, 66,
6447694106114114,
614, 12 6, 14 6, 18413 6, 614,
216124, 22624416619
4Μ4Μ4Μ6Μ6Μ6
37 s, 644 39 4, 614, 41 4, 416,
43 4, 47 6, 48 4, 64449461
4, 51 6, 52 4, 63 6. 55 6, 66 s.
66 6, 59 4, 61 6, 61 4, 66 6, 66
4, 67 4, 68 6, 614, 694, 614, 71
6, 71 4, 144 72 6, 73 4, 73 b;
de Ν41.Βεον., 161 4, 16614,

η4ω444ω46 ’

76614,3494,96104,10

qusuuwuuquu ’

164, tur, 166, 164176 19 4
22 6, 23 4, 13 6, 24 4, 14 6,
ter, 15 4, 27 6, 28 6, 30 6, 31
4, 32 4, 31 6, 36 6, 36 4 ’614,
36 6, 37 6, 614, 38 6614, 39
6404, 416, 414, 416 436
614, 44 u, 45 4, 46 6, 48 4, 614,
48 664449 4, ter, 49 6, 50 6,
61 4, 62 6614, 53 s. 64 n, 54
6, 55 4, 614, 56 4614, 66 6, 57

4 68 6614, 604, 61 6, 62 4, 61 “
qffluffiufflqfflufflu κ
614, 70 n, 70 6, 716, 73 6, 74 4, ,

66446444144

416346143644546 ’

6, 64, 7 4, 6143 4614, 96, 11
4614116114614, 16414

’44444444444

quater, 19 6, 20 411 4 11 6,
614, 174, 614, 17 6, 30 4, 614, 31
4, 316, 314, 32 6, 33 6, 34 6,
614, 36 4614, 36 6, 36 4, 37 6,
394 41 6, bis, 41 6, 436 44
b, 45 4, 45 6, 46 4, 46 6, 48 4,
ter, 43 6, ter, 49 6, 60 4, 51 4,
62 6, 6346446656 6, 67 4,
ffiufflufflufflqfflu
quater, 63 6, 64 6, 66 4, 66 6,
67 4, 67 6, 68 669 6, 614, 70
6, ter, 716, 72 4 72 6, quater,
73674476676476677
b3 deFato,3b,5 684134,
ffiuaeuffiuffiufflqffl
4, 66 a, 65 4, 75 6; Lael„ 26
614, 343 66144466 4 b,

quinquies, 5 4, 66, ter, 6 4614, ’

66, 7 4614, 7 b.ter,8 4144
36, 614, 94, 614, 96644104,
10 b, bis, 114614, 12 4, ter, 12
6 ter, 13 4, 614, 13 6, ter, 14 b,
15416 4, ter, 16 6, 17 4, 614,
18 4, 18 6, 614, 19 4, 196 10
6, 614, 21 4614, 21 b. bis, 11 4,
216, 614, 13 6, 614, 14 4, 24 6,
26 4 614, 16 6, 164 614, 26 6,
614, 17 6, 614, 18 413 6, ter,
294614, 19 6, 61431 6 614, 31

 

