⁴ 66 INDEX.

5115155115111, 51 ι, 1, 15 a, 15, 151, quinquies, 14

36 5, 151, 37 5, 38 5, 515, 38
5, 515, 43 5, 44 5, 455515,
47551548 5 495, 49550
5, 515515 515, 525545
55 5565, 565, 59 5, 605;
Τ511.,15152525355
56565, 75758595,
151, 10 5, 151, 10 5, 515, 12 5,
135, 145, 165, 18520520
5515, 22 5 515, 28 5, 29 5, 30
5315, 515, 325, 36 5, 375,
37 5, 38 5515, 385, 425445,
45 5, 47 5, 48 5, 49 5, 515, 51
n, 52 5545585515, 50 51
Purud, 5 5, 12 5, 145, 515, 15
5, 165, 18 5, 191), 24 5, 25 5,
28 5, 33 5, 36 5, 52 a, de Jeep,
355555, 515, 75, 9510
5, 515, 121), 515, 17 5, 17 5151,
185, 19 5, 24 5, 265, 515, 27
5, 30 5, 515, 34 5, 36 5, 37 5,
5555555555
515, 3015115555, 2535,
95, 10 5, 13 5, 20 5, 25 5, bis,
27551532 b, 36 544 5, 455
51 5, 55 5, 57 5, 59 111 de Nat.
11551.,25,55,5ἰ57585,9
5515, 10 5, 115151, 13 5, 515,
135145, 515 165, 18 5, 18
519 5, 151, 20 5, 20 5, 215,
21524525 5, 265, 285 30
5, 515, 315, 35 5, 365 41 5, 43
55555555555
525, 53 5, 56557 5, 585, 58
5, 59 5; 1151115, 2 5, 353
55575515105115115
13515519 5, 225, 23524
55555555555
35 5, 37 5, 37 5, 38 5, bis, 51
5, 535, 57 5; 1153515, 12 513
5, 22 u, Ι28 5, 45 51 Cat. M,
151551 55115151, 2 5511111-
quies, 25, sexies, 35151,3 5,
quinquies, 4 5, 515, 4 5, 151, 5 5,
5115151, 6 5, sexies, 3 5, 151, 75
515, 8 5 5158 5, quinquies, 9 5,
quinquies, 9 5, quinquies, 105,
515, 10 5, quinquies, 115, 511111-
51155115115115512551512

5515145151, 15515515 5, =
165515, 165515, 17 5, 5115- ,
1551755115151, 18 5, 51519
55115151, 19 5, 515, 20 a, bis, ,
205, 515, 215, 151, 21 55115-
151, 22 5, 151, 22 5, 5115151, 23 ’
5, 515, 23 5, sexies, 24 5, ter,
24 5, 151, 25 5, 515, 265, 26 5,
quinquies, 27 a, 27 5, quater,
285, 2855115151, 295, quin· 1
511155, 29 5 555151, 30 5151,
30 b, quinquies, 31 5515, 315,
515, 325, 515, 32 b, 33 5515,
335, 5115155345151, 34 5, g
quater, 35 5, 35 5, 515, 365,
quater, 36 b, 151, 37 5 51537,
b, bis, 38 5, 39 5, 515, 39 5515,
40 5, 5111151, 405, 515, 415,
151, 42 5, 5115151, 42 5, septies,
43 5, 515, 43 5, sexies, 445,
quater, 44 b, 515151, 45 5, 45 5,
quinquies, 46 5, 46 5, 47 5515,
47 5, 5115151, 48 5, 51549 5,
151, 49 5, 5115151, 50 5, 5115151,
50 5, ter, 51 5, 515, quater, 52
55115151, 52 5, 151, 53 5, 5115-
1555351111, 54554555 5
quater, 55 5151, 565, 565,
151, 575 bis, 58 5, 515, 58 5,
515, 595 5115151, 59 5, 151, 60
5151, 60 5, 5115511155 de Off,
1515515253535515,
45455565556575,
8585,95,515,105,105, 11
b, 13 5, 13 5, 515, 14 5, 515, 14
b, 15 5, 16 5, 16 5, 185515,
18 5195, 19 5, 151, 20 55115· ,
155215, 21522523 5151, i
235151, 245245, 255151, ¹
265515, 275515, 27529 5,
515, 29 5, 30 5, 315, 515, 325 ,
33533 5, 151, 34 a, 35 5515,
35 5, 36536 5, 515, 375515, ,
37 5, 515, 385515, 38 5, 5115-
151, 395 515, 41 5, 515, 415,
425, 43 5, 445, 45545 5,
465 515, 46 b, 47 5, 51547 5,
48 5, 495 51549 5505515,
50 5151, 515151, 52 5, 52 5,

 

