b INDEX. 103
ζ vadimonia 3311111113, 211. 113333313131333.,463,.1311
Vayire, 74 b. 3., 715.
7311111131 Μ1111133, 14 3, 511, 26 13113113 cura, 1 b.
b 39 3, 39 5, 41 b. 13111 (11333 Platonis), conj. nostru,
73111333 negative, 32 3, positive, 70 5.
32 5, 33 3. Verum omiss.. 10 b.
Vallum aristarum, 47 5, 48 a. Vesper-um (311), 61 3.
73111113 sermonis, 7 5, 12 3, 12 5, Vestitu ,1311ρὲ1113 49 3.
13 3, bis, 16 3, 31 b. 49 b, 61 b, 7311111111 3393331331335131111331,
765. 63.
, 111333, 47349 5, 603 731311,351.,83(3311.1).
-Vecum nomine semel posito, 513 713113311313, 3 3, naturae 3113-
usurpando, 111, -33 111-933, 14 plez, 301).
3, 5211 Vicissim (31), 43 3, 3111, 533.
Vel 13331313, 53, 3313313311533 713131 equus 153.
11111, 675. 7133133113. 31113313, 83,’ mqua-
Velle 31 sperare, 75, 3311111137 (13111 brachylogm 135, 25 356
5, 13 periphrasi, 19,5 vellem, 5,6·15,.ᾳιια1113.111,3111333131,
293,,)1311313313,555,33311- 161· 51113111, 31- 2,45, 31
11331111115133111,60 5, 3. 333. 1311311113 311133, 62 5, terram
31131111.,663. , videre, 643, non video 3111 mm
Vnumne, 62 3, 69 3. -, 68 5, nostra 3133311131, 72 b.
1313313133183. rideri: 3111131331 1111111-, 2 5,
731313,311). 3133313633, 5 5, 43 1, 13 usu
Venereis 1311111 uti, 44 3. judiciali, 22 3, 3111313 videor, 64
71313311-, 46 5. 5, 13111313 3., 68 5.

7353313333, 50 3. Victus, 71317 3.

Verba 1311311133, 3 3, 32 5, 365, 119313, 34 5.
463,3113,11311,1133313,131.,33, VillaM. 03111, 513.
24 5, 68 3, verba 3331101, 12 1111313111 (331111), 48 b.
11, absoluta, 16 11, 37 3, verbum Vincere Olympia, 15 3.
variatur, 16 3, sing. cum nomi- Vincula 11613111331,9 3, corporis,
nativis 11335113, 21 3, ἓν 1131 723, 3111313, 72 a.

13313 13131513, 26 3, 39 5, ver· Vindicate, 51 3.

· 513 ,133111363353333331 13111331- Vir, 10 5, quo 3113 311 11131131-,
modo ,133133 respicitur, 27 5, 755.
31331633361131313511131113,32 7111313131, 1 5,5 5, 11 5, 17 a,
5, 74 5, occupatum 1113111311, bib, 18 5, 27 3, 32 3, 37 5, 41
515, Η3531,1131131131133133-, 3,·46 5, 473513, 475,493,50
565,13131,)33,595,131,13113- 5, 51 5, 54 5, 55359 5, 62 5,
11313615,(13,11311 verbireglmen, bis, 67 3, 67 b.

67 3, mem = 1151113131 3333, 11116113113111313331, 47 5.
73 3, 13113133, velit largiri, 74 1333131313, 47 5, omnium quae
5. merantur, 43 3, 31Ι occupatum
133331· 13131333, 205, 3311331311, interemit, 11 5, 3131313, 64 3.
28 5, 76 5, verebantur 1111311, Vita 1131138 5, 31131113.,145,
, 345. 3313,363,13 3., 111 131113, 60
, 73313333633111, 75, 261129 5, 3,311331311,3331,655,311313
425, 443, 55 1, inter 31133. vitam, 68 5, quaeat 1313 v.

 

