INDEX. 85

6,6ἰ6,696,161,661,666,66 6;Ῑ·“1636161,61,916,661,
6,661,666,161,676,616,67 411,681.

6616681, 68 6, 69 6, 69 6, cincinnatus (L. Q.)‚ 61 6.

41 u, bis, 41 6, 49 6, 46 ι, 46 Circumscriptio proprii, 11111116 ipso,
u 45 6, 46 u. 161, 46 6, 476, 146.

616, 48 6, 616, 48 6, 49 6, 616, 60 Cives alicujus, 66 u.
66011616, 69 6, 666, 661, 016116,101,196.

161, 66 uter, 67 6, 161, 68 1, Classe 1166616616, 41 6.

bis, 68 6, 6111166696611, 61 0161111166 vitis, 48 6.

6, 691661666, 641, 161, 64 0111116166,111.

ubis, 66 u, bis, 66 6, 666, 616, elienses, 99 b.

66 6, 616, 691, 69 b, quinquies, coementum, 66 b.
7111616716, nubis, 796, 0661616616, 641.

bis, 73 1, 616, 76 6, bis, 741, Coetus 6111161611, 49 1, divinus
161, 76 ubis, 76 6, 616, 76 1, 616, asinorum, 76 b.

761), 771616166011,61,1)16, eoum: quisco'e'yit-i‚6u; ali·
66,616,41,61,616,66,161, quernals'qsiqssu

61, 161, 66, quinquiesve, 161, (lammah, 181.
76,81,616,86,161,91,616, emmaque.

96, 10 b, 161, 11 6, 19 1, 616, Oognomennominipreepositum‚ 446.
196,161,161,161,166,161, 0661661(666611)16),741.
1461616, 14 6, quinquies, 166, Colere 1116161,86, 94 b.
166,616,161,616,166,171, 06116611111616611, 696, 641.
17 6, 111, 18 1, bis, 186, 616, 19 confflem augurum, 68 b.

1161, 19 6, 1111616190 1,(1111161, colligum, 66 1.

906, 161, 916, 616, 9911961, 0611661116, 66 6.

. 94 1, 94 6611116196 1, 96 6, colluvio, 76 b.

16116111 1, 161, 96 6, quater, Cosmus. 48 6, 49 6, quinquies.
976, 97 6, 961, 98 6996, 60 0661611616111).
161660661669 u 69 6,161, vomis 61 serunensis, 64 6.

66 6, quater, 66 6, 616, 64 1, 161, Comites, 10 b.

61111, 61 a, 1116116111, commemorarem.

666161, 67 6161161186, commercium 6666166111,686.
quinquies, 69 1, 69 6, 401161, Commorunds' 1161611611111,76 as
406,161,411,616,416,6ἰ6,49 066616111191161111,96.
6114211114θῆ 4311111, 0611111666361111. (1166116391ς
441,611,441),466,466,471, 661611.61661611,646;1161-,
wufflfflemfflum mh

496616, 60 1, 60 6, bis, 611, 066616611116111,691

bis, 69 1, 161, 661, 161641, Comparatio contractior‚6b‚ 666,
16111116111111111, 36644ιςη6311111, 671.
671611, 681,ῦὸ 6, 611, 69 1, Comparativusgmdus,2b,9b. 16
161,111,161,1ο1,161,616, 1, 11661161616116-,1661Ἵ 16
161, 69 1,616, 69 6, subis, 119661161111 -,(66 magis)
661),641,646,611. 66 1, 161, -, 641.

666611, 661166 6,161, 671, Campensem, 661.

676616, 69 1161169 11706, 06666661616611161111161, 161).
71 u. 79 b, bis, 76 6, 741, 74 compleo convivium vicinorum, 466.
6, 76 1, 161, 77 61 de 11111.,66 compta 611116, 971.

1

 

