 

mmm. ὦ

5311511, 565, 571, 62 5, 63 5,
741, 76 ⁸3 pro snam, 56 a,
695ςρ110111.,21,205,221,
4154211 1111511111. 0111,
5211 1111311111, mmm, 16
1265405445511, 581,
595755 1151181141,
81145171, 221285, 29
5305315345355621ς
pro 1115.Ρ511.,461; 1115111,

¹ 1581111181111151,

55Ὦ5555555ω
5Ω5Η5ωιϋ5π5
55111151155
1Ν5Ή1Ὴιπ1π5
111, ,11111515111111
5315 pro 11911.,21,35, 18 5,
20 b, 24 b, 295, 41 5, 47 1, 52
155Μ5Μ55155

¹ 67b3proDn'ot.‚9b, 25149

11111111115

³ flfflmstaemssmm4ae

5165105115125131,

511,155131,195511,201,
1 Ν5ῃ5ἥςπ5π5ἥ
55555555555
511361, 835371, 37539
548555441445, 455,
465491495511505511,
50551552152553153
5565565575585621,
511651855671631695
Π15555Ή1Ὴ5π
1755188152111531,
45755585111115101,
1155111255512551113
15514155145151161,
16517517518519119
5Ν5Ἡ5Ή5Ἀ5Ἇ5
255511, 25526555281,
285 29 1,29 5, 301, quator,
811511, 81 5321, 325 34
1,35 1, 361511, 871375
38589555405415421,
5542555435435495,
505505,511,515,521,53
5, 545511, 545, 55 1, 581),
575, 1111581111, 585511,
59 5, 60 5, 111, 81 ster, 51 5,
525511,641,645,111, 655,

66 5, 111, 68 1, 705, 71 1, 72 1,
725511, 731751, 755, 781,
76 5, 5157751 ad Q.Fr., 65, “
131145,235,251,33534
5, 391435465481, 655ς
ααΑιτ,,11,111,1511,41,
458595101115121,
511, 141, 155181, 195, 205,
21 1, 511, 21 5, 511, 231, 251,
511, 281, 235, 295, 31 1, 321,
34 1, 85 1, 511, 35 5, 885, 591,
42 5 511, 43 5, 44 5, 45 1, 45 5,
511, 46ζ5, 475 501, 51 1, 52 5,
5311585511, 5415555115,
555551515151
345, 85 1665, 67 1, 635, 70
5,741,111111,751,761,775;
ad Brut„ 13 5, 55 b; Aead„
3141, 45511, 51, 65511,
105141,185,201,211,21
5221225245 275, 305,
335,365,371,421,445,45
1475435525 555, 585,
58 5, 61 1, 62 1, 62 5, 55 1, 68
5, 69 5, 70 5, 75 ⁸3 dem, 2
12531, 3541151145, 6
5111, 7 1, 511, 85511, 85511,
91, 9510 1, 131, 145511,
155,165,171,175185511,
131, 195, 205205511211,
221511, 225, 281235, 241,
24551525 5511, 261, 265,
275, 285, 23 1, 8011511305,
511, 315825511115335511,

345355365515365371, ,

5115511515
395895405405411511,
421, 425511, 435511, 435,
44544555, 455111, 461,
435, 475511 48 5, 495 50
5111525545555511, 55
5535575, 585535601,
605,611,511,621,641,511,
645, 655555655671, 87
5,581,685511,631,701,511,
705511, 715, 725511, 731,
511ς 7511.,21,2531,111,3’
5,511,41,45,511,51,55,111,
81557575,81,111,85
1158195101, 105111,

 

