INDEX. 65

calcea (ad) pervenire, 59 b.

(15155155, vacare ad, 36 5

capere 91541555, 18 5, militam,
225, 55954555, 31 5, fraciam
51155155νεί, 43 5, molestiam,
53 5, assentatione capi, 57 5.

Capitale odium, 2 b.

Capta 5555, 29 5, alicujus aqi,

0545541555 (5) emissus, 59 b.

1155515154, 27 b.

Casa 5545554, 5 5, atavis 5115515,
505.

Catonis (illud), 53 b.

05555 (temporis), 185, bane ..
5555545 . ., quod -, 24 5, canai
praepos„ 365

051555441ιηὶ 411553 5.

(1555555554, 10 b.

certatio honesta, 22 a.

05441 patres, 43 b.

Ceterae 455 inverse, 15 5, 26 b.

Chiasmus, 16 5, 305415, 435,
555.

(110550 :--ad Herem, 37 5, de
155554.,485, de 04551515,
256565, 75, 85, 515, 11
5515, 12 5, quinquies, 14 b, 16
5175, 205, 205, 215,
255, 295 ter, 335, 34 5, 36
537 5, 385425 515, 49 5,
535545, 56 5, 585, 60 5,
11451.,15,515,254555515,
75515. 8510 5, 165, 175,
51520 5, 20 5, 22 5 245, 24
525526 5275425, 495,
525, 53 5, 565515, 605,
orat, 35, 7 5, 21 b. 27 5, 39
5, 365, 38547 5535595,
60 5, rapio, 52 5, Ρ544ἰ4,
545, pra 11555. A.. 85 105,
145, 235. 27 5, 43 5, 56 5, 56
5, in caecil.. 85, 9 5, 105,
205, 395575, in Verr.,1b‚
2545515555156575

515,85,135,145,205,245,
25 5, 26 5, 28 5, 29 5, 32 5, 33

5335 345. 3553,75375
38538555, 415 42544
5435485, 4955255535,

52

575, 515, 585585, 595605
procace„ 15, proL.Mam'1.‚
75, 355, 485· ,5450155455 55·
de L. Ayrar, 15 , prestab, Ρ.
R, 10 5, 155’54.,2 5, 46 555
5, pro Mur„ 5 538 5, pro

⁴ 851152 5, 34 5, 46 5 54 5, pro

44455, 3 5, 18 5, 55541455. ia
Sea, 195, de 1154555555),
445,5458541.,55, 85105,
20 5, 515, 27 b, 31 5, 38 5, 52 5,
55 5, pro Cael. 1 525, pro
Balbo, 85, 15Ρ44, 26 b, 32 5,
50 5, pro Plana, 55, 10 b,
25 b, 375, 38 5, 445, 575,
pro Rab. Post„ 26 5, pro Mil,
17524 525 5, 26529 5, 38
5385, 425, 4655151445
Liyar„ 35 5, 37 5, 385, pro
115154, 7 5, 13 5, 19 5, Philipp„
25,25, 45, 55 65, 7585,
105, 115205, 215515 245
245, 255, 265, 26527531
5385, 395445, 475,,505
575,515,575,,585595, pro
Tullio, 38 5, de Aere Aliena
Milonis, 525, acl Fam„ 25.
3551545456551575,
154,85,154,95,125,515,125,
165205215245, 25526
5 515, 265 27 5, 28 5, 33 5,
515, 36 5, 37 5, 38 5, 39 5, 44 5,
465, 475515, 485, 505, 52
5, 535 515, 545, 55 5, 57 5,
515, 59 5, 515, ad Q. Fr, 51 b,
58 5, 55441565, 5156 5, 7
57595105, 515, 12 5, 12
5515, 14 5, 17 518 5, 19 5, ’
20 5, 515, 25 5, 26 5, 265, 275,
285,,285 305, 315, 33538
a,fflbffib‚ssa‚ffiaffib
505, 505525, 535575,
adflat, 185, Acad. ,3545
6575, 85, 125, 145255,
31537 5, 385, 515, 395, 50 5,
de 3445155152 5, 515353
55551565, 10 5115115,
13 5, 515, 14 5, 14 5, 515, 17 5,
185 20 5225515, 22 5, 235,
245255, 235295305 31

 

